-------------------------------------------------------------------------------
Matrix A:
-------------------------------------------------------------------------------
   -37   -59   -49   -92   -47    26   -74   -26    49   -37    12   -24    49    22    39   -52    -6    24   -30   -78   -44   -76   -18
    65   -22   -89   -44   -23   -87    46   -88     9    88    64    58   -86   -66    49    19    89    47   -54    21   -16   -12   -56
-------------------------------------------------------------------------------
Matrix В:
-------------------------------------------------------------------------------
    46    44    42
    40    38    36
    34    32    30
    28    26    24
    22    20    18
    16    14    12
    10     8     6
     4     2     0
    -2    -4    -6
    -8   -10   -12
   -14   -16   -18
   -20   -22   -24
   -26   -28   -30
   -32   -34   -36
   -38   -40   -42
   -44   -46   -48
   -50   -52   -54
   -56   -58   -60
   -62   -64   -66
   -68   -70   -72
   -74   -76   -78
   -80   -82   -84
   -86   -88   -90
-------------------------------------------------------------------------------
The multiplication result is A * B = C. Matrix C:
-------------------------------------------------------------------------------
  6576  7632  8688
 -3268 -3092 -2916
